solid ascii
 facet normal -1 0 0
  outer loop
   vertex -10 10.1524 -0.450055
   vertex -10 10.0103 -0.450062
   vertex -10 10.1503 -0.41385
  endloop
 endfacet
 facet normal -1 0 0
  outer loop
   vertex -10 10.0002 -0.413863
   vertex -10 10.1503 -0.41385
   vertex -10 10.0103 -0.450062
  endloop
 endfacet
 facet normal -1 0 0
  outer loop
   vertex -10 10.1503 -0.41385
   vertex -10 10.3005 -0.413835
   vertex -10 10.1524 -0.450055
  endloop
 endfacet
 facet normal -1 0 0
  outer loop
   vertex -10 10.1524 -0.450055
   vertex -10 10.3005 -0.413835
   vertex -10 10.3002 -0.450062
  endloop
 endfacet
 facet normal -1 0 0
  outer loop
   vertex -10 10.4508 -0.413818
   vertex -10 10.45 -0.450062
   vertex -10 10.3005 -0.413835
  endloop
 endfacet
 facet normal -1 0 0
  outer loop
   vertex -10 10.45 -0.450062
   vertex -10 10.3002 -0.450062
   vertex -10 10.3005 -0.413835
  endloop
 endfacet
 facet normal -1 0 -0
  outer loop
   vertex -10 10.45 -0.450062
   vertex -10 10.4508 -0.413818
   vertex -10 10.6 -0.450011
  endloop
 endfacet
 facet normal -1 0 0
  outer loop
   vertex -10 10.6012 -0.41378
   vertex -10 10.6 -0.450011
   vertex -10 10.4508 -0.413818
  endloop
 endfacet
 facet normal -1 0 0
  outer loop
   vertex -10 10.752 -0.413792
   vertex -10 10.75 -0.450061
   vertex -10 10.6012 -0.41378
  endloop
 endfacet
 facet normal -1 0 -0
  outer loop
   vertex -10 10.6 -0.450011
   vertex -10 10.6012 -0.41378
   vertex -10 10.75 -0.450061
  endloop
 endfacet
 facet normal -1 0 0
  outer loop
   vertex -10 10.9032 -0.413759
   vertex -10 10.9 -0.450019
   vertex -10 10.752 -0.413792
  endloop
 endfacet
 facet normal -1 0 -0
  outer loop
   vertex -10 10.75 -0.450061
   vertex -10 10.752 -0.413792
   vertex -10 10.9 -0.450019
  endloop
 endfacet
 facet normal -1 0 0
  outer loop
   vertex -10 11.055 -0.413755
   vertex -10 11.05 -0.450065
   vertex -10 10.9032 -0.413759
  endloop
 endfacet
 facet normal -1 0 0
  outer loop
   vertex -10 11.05 -0.450065
   vertex -10 10.9 -0.450019
   vertex -10 10.9032 -0.413759
  endloop
 endfacet
 facet normal -1 0 0
  outer loop
   vertex -10 11.2064 -0.413654
   vertex -10 11.2 -0.450095
   vertex -10 11.055 -0.413755
  endloop
 endfacet
 facet normal -1 0 -0
  outer loop
   vertex -10 11.05 -0.450065
   vertex -10 11.055 -0.413755
   vertex -10 11.2 -0.450095
  endloop
 endfacet
 facet normal -1 0 0
  outer loop
   vertex -10 11.3556 -0.413213
   vertex -10 11.35 -0.45
   vertex -10 11.2064 -0.413654
  endloop
 endfacet
 facet normal -1 0 -0
  outer loop
   vertex -10 11.2 -0.450095
   vertex -10 11.2064 -0.413654
   vertex -10 11.35 -0.45
  endloop
 endfacet
 facet normal -1 0 0
  outer loop
   vertex -10 11.5 -0.412442
   vertex -10 11.5 -0.450196
   vertex -10 11.3556 -0.413213
  endloop
 endfacet
 facet normal -1 0 0
  outer loop
   vertex -10 11.3556 -0.413213
   vertex -10 11.5 -0.450196
   vertex -10 11.35 -0.45
  endloop
 endfacet
 facet normal -1 0 0
  outer loop
   vertex -10 10.1513 -0.374275
   vertex -10 10.1503 -0.41385
   vertex -10 10.0008 -0.374379
  endloop
 endfacet
 facet normal -1 -0 0
  outer loop
   vertex -10 10.0008 -0.374379
   vertex -10 10.1503 -0.41385
   vertex -10 10.0002 -0.413863
  endloop
 endfacet
 facet normal -1 0 0
  outer loop
   vertex -10 10.3019 -0.374198
   vertex -10 10.3005 -0.413835
   vertex -10 10.1513 -0.374275
  endloop
 endfacet
 facet normal -1 0 -0
  outer loop
   vertex -10 10.1503 -0.41385
   vertex -10 10.1513 -0.374275
   vertex -10 10.3005 -0.413835
  endloop
 endfacet
 facet normal -1 0 0
  outer loop
   vertex -10 10.4529 -0.374142
   vertex -10 10.4508 -0.413818
   vertex -10 10.3019 -0.374198
  endloop
 endfacet
 facet normal -1 0 -0
  outer loop
   vertex -10 10.3005 -0.413835
   vertex -10 10.3019 -0.374198
   vertex -10 10.4508 -0.413818
  endloop
 endfacet
 facet normal -1 0 0
  outer loop
   vertex -10 10.6044 -0.374092
   vertex -10 10.6012 -0.41378
   vertex -10 10.4529 -0.374142
  endloop
 endfacet
 facet normal -1 0 -0
  outer loop
   vertex -10 10.4508 -0.413818
   vertex -10 10.4529 -0.374142
   vertex -10 10.6012 -0.41378
  endloop
 endfacet
 facet normal -1 0 0
  outer loop
   vertex -10 10.7566 -0.374058
   vertex -10 10.752 -0.413792
   vertex -10 10.6044 -0.374092
  endloop
 endfacet
 facet normal -1 0 -0
  outer loop
   vertex -10 10.6012 -0.41378
   vertex -10 10.6044 -0.374092
   vertex -10 10.752 -0.413792
  endloop
 endfacet
 facet normal -1 0 0
  outer loop
   vertex -10 10.9096 -0.374007
   vertex -10 10.9032 -0.413759
   vertex -10 10.7566 -0.374058
  endloop
 endfacet
 facet normal -1 0 -0
  outer loop
   vertex -10 10.752 -0.413792
   vertex -10 10.7566 -0.374058
   vertex -10 10.9032 -0.413759
  endloop
 endfacet
 facet normal -1 0 0
  outer loop
   vertex -10 11.0631 -0.373941
   vertex -10 11.055 -0.413755
   vertex -10 10.9096 -0.374007
  endloop
 endfacet
 facet normal -1 0 0
  outer loop
   vertex -10 11.055 -0.413755
   vertex -10 10.9032 -0.413759
   vertex -10 10.9096 -0.374007
  endloop
 endfacet
 facet normal -1 0 0
  outer loop
   vertex -10 11.2146 -0.373782
   vertex -10 11.2064 -0.413654
   vertex -10 11.0631 -0.373941
  endloop
 endfacet
 facet normal -1 0 -0
  outer loop
   vertex -10 11.055 -0.413755
   vertex -10 11.0631 -0.373941
   vertex -10 11.2064 -0.413654
  endloop
 endfacet
 facet normal -1 0 -0
  outer loop
   vertex -10 11.2064 -0.413654
   vertex -10 11.2146 -0.373782
   vertex -10 11.3556 -0.413213
  endloop
 endfacet
 facet normal -1 0 0
  outer loop
   vertex -10 11.3609 -0.373449
   vertex -10 11.3556 -0.413213
   vertex -10 11.2146 -0.373782
  endloop
 endfacet
 facet normal -1 0 -0
  outer loop
   vertex -10 11.3556 -0.413213
   vertex -10 11.3609 -0.373449
   vertex -10 11.5 -0.412442
  endloop
 endfacet
 facet normal -1 0 0
  outer loop
   vertex -10 11.5 -0.373037
   vertex -10 11.5 -0.412442
   vertex -10 11.3609 -0.373449
  endloop
 endfacet
 facet normal -1 0 0
  outer loop
   vertex -10 10.1526 -0.334839
   vertex -10 10.1513 -0.374275
   vertex -10 10.0018 -0.335106
  endloop
 endfacet
 facet normal -1 0 0
  outer loop
   vertex -10 10.1513 -0.374275
   vertex -10 10.0008 -0.374379
   vertex -10 10.0018 -0.335106
  endloop
 endfacet
 facet normal -1 0 0
  outer loop
   vertex -10 10.3038 -0.334668
   vertex -10 10.3019 -0.374198
   vertex -10 10.1526 -0.334839
  endloop
 endfacet
 facet normal -1 0 -0
  outer loop
   vertex -10 10.1513 -0.374275
   vertex -10 10.1526 -0.334839
   vertex -10 10.3019 -0.374198
  endloop
 endfacet
 facet normal -1 0 0
  outer loop
   vertex -10 10.4555 -0.334553
   vertex -10 10.4529 -0.374142
   vertex -10 10.3038 -0.334668
  endloop
 endfacet
 facet normal -1 0 -0
  outer loop
   vertex -10 10.3019 -0.374198
   vertex -10 10.3038 -0.334668
   vertex -10 10.4529 -0.374142
  endloop
 endfacet
 facet normal -1 0 0
  outer loop
   vertex -10 10.6079 -0.334467
   vertex -10 10.6044 -0.374092
   vertex -10 10.4555 -0.334553
  endloop
 endfacet
 facet normal -1 0 -0
  outer loop
   vertex -10 10.4529 -0.374142
   vertex -10 10.4555 -0.334553
   vertex -10 10.6044 -0.374092
  endloop
 endfacet
 facet normal -1 0 0
  outer loop
   vertex -10 10.7612 -0.334393
   vertex -10 10.7566 -0.374058
   vertex -10 10.6079 -0.334467
  endloop
 endfacet
 facet normal -1 0 -0
  outer loop
   vertex -10 10.6044 -0.374092
   vertex -10 10.6079 -0.334467
   vertex -10 10.7566 -0.374058
  endloop
 endfacet
 facet normal -1 0 0
  outer loop
   vertex -10 10.9149 -0.334313
   vertex -10 10.9096 -0.374007
   vertex -10 10.7612 -0.334393
  endloop
 endfacet
 facet normal -1 0 -0
  outer loop
   vertex -10 10.7566 -0.374058
   vertex -10 10.7612 -0.334393
   vertex -10 10.9096 -0.374007
  endloop
 endfacet
 facet normal -1 0 0
  outer loop
   vertex -10 11.0683 -0.334213
   vertex -10 11.0631 -0.373941
   vertex -10 10.9149 -0.334313
  endloop
 endfacet
 facet normal -1 0 -0
  outer loop
   vertex -10 10.9096 -0.374007
   vertex -10 10.9149 -0.334313
   vertex -10 11.0631 -0.373941
  endloop
 endfacet
 facet normal -1 0 -0
  outer loop
   vertex -10 11.0631 -0.373941
   vertex -10 11.0683 -0.334213
   vertex -10 11.2146 -0.373782
  endloop
 endfacet
 facet normal -1 0 0
  outer loop
   vertex -10 11.0683 -0.334213
   vertex -10 11.2184 -0.334054
   vertex -10 11.2146 -0.373782
  endloop
 endfacet
 facet normal -1 0 -0
  outer loop
   vertex -10 11.2146 -0.373782
   vertex -10 11.2184 -0.334054
   vertex -10 11.3609 -0.373449
  endloop
 endfacet
 facet normal -1 0 0
  outer loop
   vertex -10 11.3624 -0.333827
   vertex -10 11.3609 -0.373449
   vertex -10 11.2184 -0.334054
  endloop
 endfacet
 facet normal -1 0 -0
  outer loop
   vertex -10 11.3609 -0.373449
   vertex -10 11.3624 -0.333827
   vertex -10 11.5 -0.373037
  endloop
 endfacet
 facet normal -1 0 0
  outer loop
   vertex -10 11.5 -0.333612
   vertex -10 11.5 -0.373037
   vertex -10 11.3624 -0.333827
  endloop
 endfacet
 facet normal -1 0 0
  outer loop
   vertex -10 10.154 -0.295433
   vertex -10 10.1526 -0.334839
   vertex -10 10.0028 -0.29585
  endloop
 endfacet
 facet normal -1 0 -0
  outer loop
   vertex -10 10.0018 -0.335106
   vertex -10 10.0028 -0.29585
   vertex -10 10.1526 -0.334839
  endloop
 endfacet
 facet normal -1 0 0
  outer loop
   vertex -10 10.3057 -0.295166
   vertex -10 10.3038 -0.334668
   vertex -10 10.154 -0.295433
  endloop
 endfacet
 facet normal -1 0 -0
  outer loop
   vertex -10 10.1526 -0.334839
   vertex -10 10.154 -0.295433
   vertex -10 10.3038 -0.334668
  endloop
 endfacet
 facet normal -1 0 0
  outer loop
   vertex -10 10.4578 -0.294986
   vertex -10 10.4555 -0.334553
   vertex -10 10.3057 -0.295166
  endloop
 endfacet
 facet normal -1 0 -0
  outer loop
   vertex -10 10.3038 -0.334668
   vertex -10 10.3057 -0.295166
   vertex -10 10.4555 -0.334553
  endloop
 endfacet
 facet normal -1 0 0
  outer loop
   vertex -10 10.6107 -0.294856
   vertex -10 10.6079 -0.334467
   vertex -10 10.4578 -0.294986
  endloop
 endfacet
 facet normal -1 0 -0
  outer loop
   vertex -10 10.4555 -0.334553
   vertex -10 10.4578 -0.294986
   vertex -10 10.6079 -0.334467
  endloop
 endfacet
 facet normal -1 0 0
  outer loop
   vertex -10 10.764 -0.294747
   vertex -10 10.7612 -0.334393
   vertex -10 10.6107 -0.294856
  endloop
 endfacet
 facet normal -1 0 -0
  outer loop
   vertex -10 10.6079 -0.334467
   vertex -10 10.6107 -0.294856
   vertex -10 10.7612 -0.334393
  endloop
 endfacet
 facet normal -1 0 0
  outer loop
   vertex -10 10.9174 -0.294643
   vertex -10 10.9149 -0.334313
   vertex -10 10.764 -0.294747
  endloop
 endfacet
 facet normal -1 0 -0
  outer loop
   vertex -10 10.7612 -0.334393
   vertex -10 10.764 -0.294747
   vertex -10 10.9149 -0.334313
  endloop
 endfacet
 facet normal -1 0 -0
  outer loop
   vertex -10 10.9149 -0.334313
   vertex -10 10.9174 -0.294643
   vertex -10 11.0683 -0.334213
  endloop
 endfacet
 facet normal -1 0 0
  outer loop
   vertex -10 11.0696 -0.294531
   vertex -10 11.0683 -0.334213
   vertex -10 10.9174 -0.294643
  endloop
 endfacet
 facet normal -1 0 -0
  outer loop
   vertex -10 11.0683 -0.334213
   vertex -10 11.0696 -0.294531
   vertex -10 11.2184 -0.334054
  endloop
 endfacet
 facet normal -1 0 -0
  outer loop
   vertex -10 11.0696 -0.294531
   vertex -10 11.2182 -0.294392
   vertex -10 11.2184 -0.334054
  endloop
 endfacet
 facet normal -1 0 0
  outer loop
   vertex -10 11.2182 -0.294392
   vertex -10 11.3615 -0.294238
   vertex -10 11.2184 -0.334054
  endloop
 endfacet
 facet normal -1 0 0
  outer loop
   vertex -10 11.3624 -0.333827
   vertex -10 11.2184 -0.334054
   vertex -10 11.3615 -0.294238
  endloop
 endfacet
 facet normal -1 0 0
  outer loop
   vertex -10 11.3615 -0.294238
   vertex -10 11.5 -0.294118
   vertex -10 11.3624 -0.333827
  endloop
 endfacet
 facet normal -1 0 0
  outer loop
   vertex -10 11.5 -0.333612
   vertex -10 11.3624 -0.333827
   vertex -10 11.5 -0.294118
  endloop
 endfacet
 facet normal -1 0 0
  outer loop
   vertex -10 10.1553 -0.255987
   vertex -10 10.154 -0.295433
   vertex -10 10.0038 -0.256497
  endloop
 endfacet
 facet normal -1 0 0
  outer loop
   vertex -10 10.154 -0.295433
   vertex -10 10.0028 -0.29585
   vertex -10 10.0038 -0.256497
  endloop
 endfacet
 facet normal -1 0 0
  outer loop
   vertex -10 10.3071 -0.255647
   vertex -10 10.3057 -0.295166
   vertex -10 10.1553 -0.255987
  endloop
 endfacet
 facet normal -1 0 0
  outer loop
   vertex -10 10.3057 -0.295166
   vertex -10 10.154 -0.295433
   vertex -10 10.1553 -0.255987
  endloop
 endfacet
 facet normal -1 0 0
  outer loop
   vertex -10 10.4594 -0.255412
   vertex -10 10.4578 -0.294986
   vertex -10 10.3071 -0.255647
  endloop
 endfacet
 facet normal -1 0 -0
  outer loop
   vertex -10 10.3057 -0.295166
   vertex -10 10.3071 -0.255647
   vertex -10 10.4578 -0.294986
  endloop
 endfacet
 facet normal -1 0 0
  outer loop
   vertex -10 10.6121 -0.255241
   vertex -10 10.6107 -0.294856
   vertex -10 10.4594 -0.255412
  endloop
 endfacet
 facet normal -1 0 -0
  outer loop
   vertex -10 10.4578 -0.294986
   vertex -10 10.4594 -0.255412
   vertex -10 10.6107 -0.294856
  endloop
 endfacet
 facet normal -1 0 0
  outer loop
   vertex -10 10.765 -0.255104
   vertex -10 10.764 -0.294747
   vertex -10 10.6121 -0.255241
  endloop
 endfacet
 facet normal -1 0 -0
  outer loop
   vertex -10 10.6107 -0.294856
   vertex -10 10.6121 -0.255241
   vertex -10 10.764 -0.294747
  endloop
 endfacet
 facet normal -1 0 -0
  outer loop
   vertex -10 10.764 -0.294747
   vertex -10 10.765 -0.255104
   vertex -10 10.9174 -0.294643
  endloop
 endfacet
 facet normal -1 0 0
  outer loop
   vertex -10 10.9174 -0.254984
   vertex -10 10.9174 -0.294643
   vertex -10 10.765 -0.255104
  endloop
 endfacet
 facet normal -1 0 0
  outer loop
   vertex -10 11.0696 -0.294531
   vertex -10 10.9174 -0.294643
   vertex -10 11.0684 -0.25487
  endloop
 endfacet
 facet normal -1 0 0
  outer loop
   vertex -10 10.9174 -0.254984
   vertex -10 11.0684 -0.25487
   vertex -10 10.9174 -0.294643
  endloop
 endfacet
 facet normal -1 0 0
  outer loop
   vertex -10 11.2182 -0.294392
   vertex -10 11.0696 -0.294531
   vertex -10 11.2161 -0.254752
  endloop
 endfacet
 facet normal -1 0 0
  outer loop
   vertex -10 11.0684 -0.25487
   vertex -10 11.2161 -0.254752
   vertex -10 11.0696 -0.294531
  endloop
 endfacet
 facet normal -1 0 0
  outer loop
   vertex -10 11.2161 -0.254752
   vertex -10 11.3597 -0.254642
   vertex -10 11.2182 -0.294392
  endloop
 endfacet
 facet normal -1 0 0
  outer loop
   vertex -10 11.3615 -0.294238
   vertex -10 11.2182 -0.294392
   vertex -10 11.3597 -0.254642
  endloop
 endfacet
 facet normal -1 0 0
  outer loop
   vertex -10 11.3597 -0.254642
   vertex -10 11.5 -0.254568
   vertex -10 11.3615 -0.294238
  endloop
 endfacet
 facet normal -1 0 0
  outer loop
   vertex -10 11.5 -0.294118
   vertex -10 11.3615 -0.294238
   vertex -10 11.5 -0.254568
  endloop
 endfacet
 facet normal -1 0 0
  outer loop
   vertex -10 10.1561 -0.21647
   vertex -10 10.1553 -0.255987
   vertex -10 10.0046 -0.217018
  endloop
 endfacet
 facet normal -1 0 -0
  outer loop
   vertex -10 10.0038 -0.256497
   vertex -10 10.0046 -0.217018
   vertex -10 10.1553 -0.255987
  endloop
 endfacet
 facet normal -1 0 0
  outer loop
   vertex -10 10.3079 -0.216089
   vertex -10 10.3071 -0.255647
   vertex -10 10.1561 -0.21647
  endloop
 endfacet
 facet normal -1 0 -0
  outer loop
   vertex -10 10.1553 -0.255987
   vertex -10 10.1561 -0.21647
   vertex -10 10.3071 -0.255647
  endloop
 endfacet
 facet normal -1 0 0
  outer loop
   vertex -10 10.46 -0.215818
   vertex -10 10.4594 -0.255412
   vertex -10 10.3079 -0.216089
  endloop
 endfacet
 facet normal -1 0 -0
  outer loop
   vertex -10 10.3071 -0.255647
   vertex -10 10.3079 -0.216089
   vertex -10 10.4594 -0.255412
  endloop
 endfacet
 facet normal -1 0 0
  outer loop
   vertex -10 10.6123 -0.215617
   vertex -10 10.6121 -0.255241
   vertex -10 10.46 -0.215818
  endloop
 endfacet
 facet normal -1 0 -0
  outer loop
   vertex -10 10.4594 -0.255412
   vertex -10 10.46 -0.215818
   vertex -10 10.6121 -0.255241
  endloop
 endfacet
 facet normal -1 0 0
  outer loop
   vertex -10 10.765 -0.255104
   vertex -10 10.6121 -0.255241
   vertex -10 10.7645 -0.215459
  endloop
 endfacet
 facet normal -1 0 0
  outer loop
   vertex -10 10.6123 -0.215617
   vertex -10 10.7645 -0.215459
   vertex -10 10.6121 -0.255241
  endloop
 endfacet
 facet normal -1 0 0
  outer loop
   vertex -10 10.9174 -0.254984
   vertex -10 10.765 -0.255104
   vertex -10 10.9159 -0.215329
  endloop
 endfacet
 facet normal -1 0 0
  outer loop
   vertex -10 10.7645 -0.215459
   vertex -10 10.9159 -0.215329
   vertex -10 10.765 -0.255104
  endloop
 endfacet
 facet normal -1 0 0
  outer loop
   vertex -10 11.0684 -0.25487
   vertex -10 10.9174 -0.254984
   vertex -10 11.0659 -0.215216
  endloop
 endfacet
 facet normal -1 0 0
  outer loop
   vertex -10 10.9159 -0.215329
   vertex -10 11.0659 -0.215216
   vertex -10 10.9174 -0.254984
  endloop
 endfacet
 facet normal -1 0 0
  outer loop
   vertex -10 11.0659 -0.215216
   vertex -10 11.2132 -0.215115
   vertex -10 11.0684 -0.25487
  endloop
 endfacet
 facet normal -1 0 0
  outer loop
   vertex -10 11.2161 -0.254752
   vertex -10 11.0684 -0.25487
   vertex -10 11.2132 -0.215115
  endloop
 endfacet
 facet normal -1 0 0
  outer loop
   vertex -10 11.2132 -0.215115
   vertex -10 11.3577 -0.215032
   vertex -10 11.2161 -0.254752
  endloop
 endfacet
 facet normal -1 0 -0
  outer loop
   vertex -10 11.2161 -0.254752
   vertex -10 11.3577 -0.215032
   vertex -10 11.3597 -0.254642
  endloop
 endfacet
 facet normal -1 0 0
  outer loop
   vertex -10 11.3577 -0.215032
   vertex -10 11.5 -0.214982
   vertex -10 11.3597 -0.254642
  endloop
 endfacet
 facet normal -1 0 0
  outer loop
   vertex -10 11.5 -0.254568
   vertex -10 11.3597 -0.254642
   vertex -10 11.5 -0.214982
  endloop
 endfacet
 facet normal -1 0 -0
  outer loop
   vertex -10 10.0046 -0.217018
   vertex -10 10.0051 -0.177424
   vertex -10 10.1561 -0.21647
  endloop
 endfacet
 facet normal -1 0 0
  outer loop
   vertex -10 10.1565 -0.176882
   vertex -10 10.1561 -0.21647
   vertex -10 10.0051 -0.177424
  endloop
 endfacet
 facet normal -1 0 0
  outer loop
   vertex -10 10.3082 -0.176489
   vertex -10 10.3079 -0.216089
   vertex -10 10.1565 -0.176882
  endloop
 endfacet
 facet normal -1 0 -0
  outer loop
   vertex -10 10.1561 -0.21647
   vertex -10 10.1565 -0.176882
   vertex -10 10.3079 -0.216089
  endloop
 endfacet
 facet normal -1 0 0
  outer loop
   vertex -10 10.46 -0.176199
   vertex -10 10.46 -0.215818
   vertex -10 10.3082 -0.176489
  endloop
 endfacet
 facet normal -1 0 -0
  outer loop
   vertex -10 10.3079 -0.216089
   vertex -10 10.3082 -0.176489
   vertex -10 10.46 -0.215818
  endloop
 endfacet
 facet normal -1 0 0
  outer loop
   vertex -10 10.6123 -0.215617
   vertex -10 10.46 -0.215818
   vertex -10 10.6118 -0.175981
  endloop
 endfacet
 facet normal -1 0 0
  outer loop
   vertex -10 10.46 -0.176199
   vertex -10 10.6118 -0.175981
   vertex -10 10.46 -0.215818
  endloop
 endfacet
 facet normal -1 0 0
  outer loop
   vertex -10 10.7645 -0.215459
   vertex -10 10.6123 -0.215617
   vertex -10 10.7632 -0.175811
  endloop
 endfacet
 facet normal -1 0 0
  outer loop
   vertex -10 10.6118 -0.175981
   vertex -10 10.7632 -0.175811
   vertex -10 10.6123 -0.215617
  endloop
 endfacet
 facet normal -1 0 0
  outer loop
   vertex -10 10.9159 -0.215329
   vertex -10 10.7645 -0.215459
   vertex -10 10.9138 -0.175675
  endloop
 endfacet
 facet normal -1 0 0
  outer loop
   vertex -10 10.7645 -0.215459
   vertex -10 10.7632 -0.175811
   vertex -10 10.9138 -0.175675
  endloop
 endfacet
 facet normal -1 0 0
  outer loop
   vertex -10 11.0659 -0.215216
   vertex -10 10.9159 -0.215329
   vertex -10 11.0631 -0.175564
  endloop
 endfacet
 facet normal -1 0 0
  outer loop
   vertex -10 10.9138 -0.175675
   vertex -10 11.0631 -0.175564
   vertex -10 10.9159 -0.215329
  endloop
 endfacet
 facet normal -1 0 0
  outer loop
   vertex -10 11.0631 -0.175564
   vertex -10 11.2105 -0.175474
   vertex -10 11.0659 -0.215216
  endloop
 endfacet
 facet normal -1 0 0
  outer loop
   vertex -10 11.2132 -0.215115
   vertex -10 11.0659 -0.215216
   vertex -10 11.2105 -0.175474
  endloop
 endfacet
 facet normal -1 0 0
  outer loop
   vertex -10 11.2105 -0.175474
   vertex -10 11.3559 -0.175407
   vertex -10 11.2132 -0.215115
  endloop
 endfacet
 facet normal -1 0 0
  outer loop
   vertex -10 11.3577 -0.215032
   vertex -10 11.2132 -0.215115
   vertex -10 11.3559 -0.175407
  endloop
 endfacet
 facet normal -1 0 0
  outer loop
   vertex -10 11.3559 -0.175407
   vertex -10 11.5 -0.17537
   vertex -10 11.3577 -0.215032
  endloop
 endfacet
 facet normal -1 0 0
  outer loop
   vertex -10 11.5 -0.214982
   vertex -10 11.3577 -0.215032
   vertex -10 11.5 -0.17537
  endloop
 endfacet
 facet normal -1 0 -0
  outer loop
   vertex -10 10.0051 -0.177424
   vertex -10 10.0054 -0.137743
   vertex -10 10.1565 -0.176882
  endloop
 endfacet
 facet normal -1 0 0
  outer loop
   vertex -10 10.1566 -0.137233
   vertex -10 10.1565 -0.176882
   vertex -10 10.0054 -0.137743
  endloop
 endfacet
 facet normal -1 0 -0
  outer loop
   vertex -10 10.1565 -0.176882
   vertex -10 10.1566 -0.137233
   vertex -10 10.3082 -0.176489
  endloop
 endfacet
 facet normal -1 0 -0
  outer loop
   vertex -10 10.1566 -0.137233
   vertex -10 10.308 -0.136849
   vertex -10 10.3082 -0.176489
  endloop
 endfacet
 facet normal -1 0 0
  outer loop
   vertex -10 10.46 -0.176199
   vertex -10 10.3082 -0.176489
   vertex -10 10.4594 -0.136557
  endloop
 endfacet
 facet normal -1 0 0
  outer loop
   vertex -10 10.308 -0.136849
   vertex -10 10.4594 -0.136557
   vertex -10 10.3082 -0.176489
  endloop
 endfacet
 facet normal -1 0 0
  outer loop
   vertex -10 10.6118 -0.175981
   vertex -10 10.46 -0.176199
   vertex -10 10.6107 -0.136334
  endloop
 endfacet
 facet normal -1 0 0
  outer loop
   vertex -10 10.4594 -0.136557
   vertex -10 10.6107 -0.136334
   vertex -10 10.46 -0.176199
  endloop
 endfacet
 facet normal -1 0 0
  outer loop
   vertex -10 10.7632 -0.175811
   vertex -10 10.6118 -0.175981
   vertex -10 10.7616 -0.13616
  endloop
 endfacet
 facet normal -1 0 0
  outer loop
   vertex -10 10.6107 -0.136334
   vertex -10 10.7616 -0.13616
   vertex -10 10.6118 -0.175981
  endloop
 endfacet
 facet normal -1 0 0
  outer loop
   vertex -10 10.9138 -0.175675
   vertex -10 10.7632 -0.175811
   vertex -10 10.9117 -0.136023
  endloop
 endfacet
 facet normal -1 0 0
  outer loop
   vertex -10 10.7616 -0.13616
   vertex -10 10.9117 -0.136023
   vertex -10 10.7632 -0.175811
  endloop
 endfacet
 facet normal -1 0 0
  outer loop
   vertex -10 11.0631 -0.175564
   vertex -10 10.9138 -0.175675
   vertex -10 11.0607 -0.135915
  endloop
 endfacet
 facet normal -1 0 0
  outer loop
   vertex -10 11.0607 -0.135915
   vertex -10 10.9138 -0.175675
   vertex -10 10.9117 -0.136023
  endloop
 endfacet
 facet normal -1 0 0
  outer loop
   vertex -10 11.0607 -0.135915
   vertex -10 11.2083 -0.135832
   vertex -10 11.0631 -0.175564
  endloop
 endfacet
 facet normal -1 0 0
  outer loop
   vertex -10 11.2105 -0.175474
   vertex -10 11.0631 -0.175564
   vertex -10 11.2083 -0.135832
  endloop
 endfacet
 facet normal -1 0 0
  outer loop
   vertex -10 11.2083 -0.135832
   vertex -10 11.3546 -0.135774
   vertex -10 11.2105 -0.175474
  endloop
 endfacet
 facet normal -1 0 0
  outer loop
   vertex -10 11.3559 -0.175407
   vertex -10 11.2105 -0.175474
   vertex -10 11.3546 -0.135774
  endloop
 endfacet
 facet normal -1 0 0
  outer loop
   vertex -10 11.3546 -0.135774
   vertex -10 11.5 -0.135743
   vertex -10 11.3559 -0.175407
  endloop
 endfacet
 facet normal -1 0 0
  outer loop
   vertex -10 11.5 -0.17537
   vertex -10 11.3559 -0.175407
   vertex -10 11.5 -0.135743
  endloop
 endfacet
 facet normal -1 0 0
  outer loop
   vertex -10 10.0053 -0.0980026
   vertex -10 10.1564 -0.097539
   vertex -10 10.0054 -0.137743
  endloop
 endfacet
 facet normal -1 0 -0
  outer loop
   vertex -10 10.0054 -0.137743
   vertex -10 10.1564 -0.097539
   vertex -10 10.1566 -0.137233
  endloop
 endfacet
 facet normal -1 0 0
  outer loop
   vertex -10 10.1564 -0.097539
   vertex -10 10.3076 -0.0971776
   vertex -10 10.1566 -0.137233
  endloop
 endfacet
 facet normal -1 0 0
  outer loop
   vertex -10 10.308 -0.136849
   vertex -10 10.1566 -0.137233
   vertex -10 10.3076 -0.0971776
  endloop
 endfacet
 facet normal -1 0 0
  outer loop
   vertex -10 10.4594 -0.136557
   vertex -10 10.308 -0.136849
   vertex -10 10.4586 -0.0968966
  endloop
 endfacet
 facet normal -1 0 0
  outer loop
   vertex -10 10.3076 -0.0971776
   vertex -10 10.4586 -0.0968966
   vertex -10 10.308 -0.136849
  endloop
 endfacet
 facet normal -1 0 0
  outer loop
   vertex -10 10.6107 -0.136334
   vertex -10 10.4594 -0.136557
   vertex -10 10.6095 -0.0966777
  endloop
 endfacet
 facet normal -1 0 0
  outer loop
   vertex -10 10.4586 -0.0968966
   vertex -10 10.6095 -0.0966777
   vertex -10 10.4594 -0.136557
  endloop
 endfacet
 facet normal -1 0 0
  outer loop
   vertex -10 10.7616 -0.13616
   vertex -10 10.6107 -0.136334
   vertex -10 10.7599 -0.0965065
  endloop
 endfacet
 facet normal -1 0 0
  outer loop
   vertex -10 10.6095 -0.0966777
   vertex -10 10.7599 -0.0965065
   vertex -10 10.6107 -0.136334
  endloop
 endfacet
 facet normal -1 0 0
  outer loop
   vertex -10 10.9117 -0.136023
   vertex -10 10.7616 -0.13616
   vertex -10 10.9097 -0.0963725
  endloop
 endfacet
 facet normal -1 0 0
  outer loop
   vertex -10 10.7599 -0.0965065
   vertex -10 10.9097 -0.0963725
   vertex -10 10.7616 -0.13616
  endloop
 endfacet
 facet normal -1 0 0
  outer loop
   vertex -10 10.9097 -0.0963725
   vertex -10 11.0586 -0.0962689
   vertex -10 10.9117 -0.136023
  endloop
 endfacet
 facet normal -1 0 0
  outer loop
   vertex -10 11.0607 -0.135915
   vertex -10 10.9117 -0.136023
   vertex -10 11.0586 -0.0962689
  endloop
 endfacet
 facet normal -1 0 0
  outer loop
   vertex -10 11.0586 -0.0962689
   vertex -10 11.2065 -0.0961916
   vertex -10 11.0607 -0.135915
  endloop
 endfacet
 facet normal -1 0 0
  outer loop
   vertex -10 11.2083 -0.135832
   vertex -10 11.0607 -0.135915
   vertex -10 11.2065 -0.0961916
  endloop
 endfacet
 facet normal -1 0 0
  outer loop
   vertex -10 11.2065 -0.0961916
   vertex -10 11.3535 -0.0961396
   vertex -10 11.2083 -0.135832
  endloop
 endfacet
 facet normal -1 0 -0
  outer loop
   vertex -10 11.2083 -0.135832
   vertex -10 11.3535 -0.0961396
   vertex -10 11.3546 -0.135774
  endloop
 endfacet
 facet normal -1 0 0
  outer loop
   vertex -10 11.3535 -0.0961396
   vertex -10 11.5 -0.096113
   vertex -10 11.3546 -0.135774
  endloop
 endfacet
 facet normal -1 0 0
  outer loop
   vertex -10 11.5 -0.135743
   vertex -10 11.3546 -0.135774
   vertex -10 11.5 -0.096113
  endloop
 endfacet
 facet normal -1 0 0
  outer loop
   vertex -10 10.0052 -0.0682224
   vertex -10 10.1561 -0.0678105
   vertex -10 10.0053 -0.0980026
  endloop
 endfacet
 facet normal -1 0 0
  outer loop
   vertex -10 10.1564 -0.097539
   vertex -10 10.0053 -0.0980026
   vertex -10 10.1561 -0.0678105
  endloop
 endfacet
 facet normal -1 0 0
  outer loop
   vertex -10 10.1561 -0.0678105
   vertex -10 10.3069 -0.0674808
   vertex -10 10.1564 -0.097539
  endloop
 endfacet
 facet normal -1 0 0
  outer loop
   vertex -10 10.3076 -0.0971776
   vertex -10 10.1564 -0.097539
   vertex -10 10.3069 -0.0674808
  endloop
 endfacet
 facet normal -1 0 0
  outer loop
   vertex -10 10.3069 -0.0674808
   vertex -10 10.4577 -0.067219
   vertex -10 10.3076 -0.0971776
  endloop
 endfacet
 facet normal -1 0 0
  outer loop
   vertex -10 10.4586 -0.0968966
   vertex -10 10.3076 -0.0971776
   vertex -10 10.4577 -0.067219
  endloop
 endfacet
 facet normal -1 0 0
  outer loop
   vertex -10 10.4577 -0.067219
   vertex -10 10.6082 -0.0670117
   vertex -10 10.4586 -0.0968966
  endloop
 endfacet
 facet normal -1 0 0
  outer loop
   vertex -10 10.6095 -0.0966777
   vertex -10 10.4586 -0.0968966
   vertex -10 10.6082 -0.0670117
  endloop
 endfacet
 facet normal -1 0 0
  outer loop
   vertex -10 10.6082 -0.0670117
   vertex -10 10.7584 -0.0668484
   vertex -10 10.6095 -0.0966777
  endloop
 endfacet
 facet normal -1 0 0
  outer loop
   vertex -10 10.7599 -0.0965065
   vertex -10 10.6095 -0.0966777
   vertex -10 10.7584 -0.0668484
  endloop
 endfacet
 facet normal -1 0 0
  outer loop
   vertex -10 10.7584 -0.0668484
   vertex -10 10.908 -0.0667207
   vertex -10 10.7599 -0.0965065
  endloop
 endfacet
 facet normal -1 0 -0
  outer loop
   vertex -10 10.7599 -0.0965065
   vertex -10 10.908 -0.0667207
   vertex -10 10.9097 -0.0963725
  endloop
 endfacet
 facet normal -1 0 0
  outer loop
   vertex -10 10.908 -0.0667207
   vertex -10 11.0569 -0.0666228
   vertex -10 10.9097 -0.0963725
  endloop
 endfacet
 facet normal -1 0 0
  outer loop
   vertex -10 11.0586 -0.0962689
   vertex -10 10.9097 -0.0963725
   vertex -10 11.0569 -0.0666228
  endloop
 endfacet
 facet normal -1 0 0
  outer loop
   vertex -10 11.0569 -0.0666228
   vertex -10 11.2051 -0.0665511
   vertex -10 11.0586 -0.0962689
  endloop
 endfacet
 facet normal -1 0 -0
  outer loop
   vertex -10 11.0586 -0.0962689
   vertex -10 11.2051 -0.0665511
   vertex -10 11.2065 -0.0961916
  endloop
 endfacet
 facet normal -1 0 0
  outer loop
   vertex -10 11.2051 -0.0665511
   vertex -10 11.3527 -0.0665037
   vertex -10 11.2065 -0.0961916
  endloop
 endfacet
 facet normal -1 0 0
  outer loop
   vertex -10 11.3535 -0.0961396
   vertex -10 11.2065 -0.0961916
   vertex -10 11.3527 -0.0665037
  endloop
 endfacet
 facet normal -1 0 0
  outer loop
   vertex -10 11.3527 -0.0665037
   vertex -10 11.5 -0.06648
   vertex -10 11.3535 -0.0961396
  endloop
 endfacet
 facet normal -1 0 0
  outer loop
   vertex -10 11.5 -0.096113
   vertex -10 11.3535 -0.0961396
   vertex -10 11.5 -0.06648
  endloop
 endfacet
 facet normal -1 0 0
  outer loop
   vertex -10 10.0049 -0.0384167
   vertex -10 10.1556 -0.0380572
   vertex -10 10.0052 -0.0682224
  endloop
 endfacet
 facet normal -1 0 0
  outer loop
   vertex -10 10.1561 -0.0678105
   vertex -10 10.0052 -0.0682224
   vertex -10 10.1556 -0.0380572
  endloop
 endfacet
 facet normal -1 0 0
  outer loop
   vertex -10 10.1556 -0.0380572
   vertex -10 10.3063 -0.0377635
   vertex -10 10.1561 -0.0678105
  endloop
 endfacet
 facet normal -1 0 -0
  outer loop
   vertex -10 10.1561 -0.0678105
   vertex -10 10.3063 -0.0377635
   vertex -10 10.3069 -0.0674808
  endloop
 endfacet
 facet normal -1 0 0
  outer loop
   vertex -10 10.3063 -0.0377635
   vertex -10 10.4568 -0.0375259
   vertex -10 10.3069 -0.0674808
  endloop
 endfacet
 facet normal -1 0 0
  outer loop
   vertex -10 10.4577 -0.067219
   vertex -10 10.3069 -0.0674808
   vertex -10 10.4568 -0.0375259
  endloop
 endfacet
 facet normal -1 0 0
  outer loop
   vertex -10 10.4568 -0.0375259
   vertex -10 10.6071 -0.0373353
   vertex -10 10.4577 -0.067219
  endloop
 endfacet
 facet normal -1 0 0
  outer loop
   vertex -10 10.6082 -0.0670117
   vertex -10 10.4577 -0.067219
   vertex -10 10.6071 -0.0373353
  endloop
 endfacet
 facet normal -1 0 0
  outer loop
   vertex -10 10.6071 -0.0373353
   vertex -10 10.757 -0.0371839
   vertex -10 10.6082 -0.0670117
  endloop
 endfacet
 facet normal -1 0 0
  outer loop
   vertex -10 10.7584 -0.0668484
   vertex -10 10.6082 -0.0670117
   vertex -10 10.757 -0.0371839
  endloop
 endfacet
 facet normal -1 0 0
  outer loop
   vertex -10 10.757 -0.0371839
   vertex -10 10.9065 -0.0370652
   vertex -10 10.7584 -0.0668484
  endloop
 endfacet
 facet normal -1 0 -0
  outer loop
   vertex -10 10.7584 -0.0668484
   vertex -10 10.9065 -0.0370652
   vertex -10 10.908 -0.0667207
  endloop
 endfacet
 facet normal -1 0 0
  outer loop
   vertex -10 10.9065 -0.0370652
   vertex -10 11.0556 -0.0369744
   vertex -10 10.908 -0.0667207
  endloop
 endfacet
 facet normal -1 0 0
  outer loop
   vertex -10 11.0569 -0.0666228
   vertex -10 10.908 -0.0667207
   vertex -10 11.0556 -0.0369744
  endloop
 endfacet
 facet normal -1 0 0
  outer loop
   vertex -10 11.0556 -0.0369744
   vertex -10 11.2041 -0.0369085
   vertex -10 11.0569 -0.0666228
  endloop
 endfacet
 facet normal -1 0 0
  outer loop
   vertex -10 11.2051 -0.0665511
   vertex -10 11.0569 -0.0666228
   vertex -10 11.2041 -0.0369085
  endloop
 endfacet
 facet normal -1 0 0
  outer loop
   vertex -10 11.2041 -0.0369085
   vertex -10 11.3521 -0.0368654
   vertex -10 11.2051 -0.0665511
  endloop
 endfacet
 facet normal -1 0 0
  outer loop
   vertex -10 11.3527 -0.0665037
   vertex -10 11.2051 -0.0665511
   vertex -10 11.3521 -0.0368654
  endloop
 endfacet
 facet normal -1 0 0
  outer loop
   vertex -10 11.3521 -0.0368654
   vertex -10 11.5 -0.0368441
   vertex -10 11.3527 -0.0665037
  endloop
 endfacet
 facet normal -1 0 0
  outer loop
   vertex -10 11.5 -0.06648
   vertex -10 11.3527 -0.0665037
   vertex -10 11.5 -0.0368441
  endloop
 endfacet
 facet normal -1 0 0
  outer loop
   vertex -10 10.0045 -0.0085985
   vertex -10 10.1551 -0.00829015
   vertex -10 10.0049 -0.0384167
  endloop
 endfacet
 facet normal -1 0 0
  outer loop
   vertex -10 10.1556 -0.0380572
   vertex -10 10.0049 -0.0384167
   vertex -10 10.1551 -0.00829015
  endloop
 endfacet
 facet normal -1 0 0
  outer loop
   vertex -10 10.1551 -0.00829015
   vertex -10 10.3056 -0.00803399
   vertex -10 10.1556 -0.0380572
  endloop
 endfacet
 facet normal -1 0 0
  outer loop
   vertex -10 10.3063 -0.0377635
   vertex -10 10.1556 -0.0380572
   vertex -10 10.3056 -0.00803399
  endloop
 endfacet
 facet normal -1 0 0
  outer loop
   vertex -10 10.3056 -0.00803399
   vertex -10 10.4559 -0.00782367
   vertex -10 10.3063 -0.0377635
  endloop
 endfacet
 facet normal -1 0 0
  outer loop
   vertex -10 10.4568 -0.0375259
   vertex -10 10.3063 -0.0377635
   vertex -10 10.4559 -0.00782367
  endloop
 endfacet
 facet normal -1 0 0
  outer loop
   vertex -10 10.4559 -0.00782367
   vertex -10 10.6061 -0.00765292
   vertex -10 10.4568 -0.0375259
  endloop
 endfacet
 facet normal -1 0 0
  outer loop
   vertex -10 10.6071 -0.0373353
   vertex -10 10.4568 -0.0375259
   vertex -10 10.6061 -0.00765292
  endloop
 endfacet
 facet normal -1 0 0
  outer loop
   vertex -10 10.6061 -0.00765292
   vertex -10 10.7559 -0.00751627
   vertex -10 10.6071 -0.0373353
  endloop
 endfacet
 facet normal -1 0 0
  outer loop
   vertex -10 10.757 -0.0371839
   vertex -10 10.6071 -0.0373353
   vertex -10 10.7559 -0.00751627
  endloop
 endfacet
 facet normal -1 0 0
  outer loop
   vertex -10 10.7559 -0.00751627
   vertex -10 10.9054 -0.00740865
   vertex -10 10.757 -0.0371839
  endloop
 endfacet
 facet normal -1 0 0
  outer loop
   vertex -10 10.9065 -0.0370652
   vertex -10 10.757 -0.0371839
   vertex -10 10.9054 -0.00740865
  endloop
 endfacet
 facet normal -1 0 0
  outer loop
   vertex -10 10.9054 -0.00740865
   vertex -10 11.0545 -0.00732636
   vertex -10 10.9065 -0.0370652
  endloop
 endfacet
 facet normal -1 0 0
  outer loop
   vertex -10 11.0556 -0.0369744
   vertex -10 10.9065 -0.0370652
   vertex -10 11.0545 -0.00732636
  endloop
 endfacet
 facet normal -1 0 0
  outer loop
   vertex -10 11.0545 -0.00732636
   vertex -10 11.2033 -0.00726677
   vertex -10 11.0556 -0.0369744
  endloop
 endfacet
 facet normal -1 0 0
  outer loop
   vertex -10 11.2041 -0.0369085
   vertex -10 11.0556 -0.0369744
   vertex -10 11.2033 -0.00726677
  endloop
 endfacet
 facet normal -1 0 0
  outer loop
   vertex -10 11.2033 -0.00726677
   vertex -10 11.3517 -0.00722797
   vertex -10 11.2041 -0.0369085
  endloop
 endfacet
 facet normal -1 0 0
  outer loop
   vertex -10 11.3521 -0.0368654
   vertex -10 11.2041 -0.0369085
   vertex -10 11.3517 -0.00722797
  endloop
 endfacet
 facet normal -1 0 0
  outer loop
   vertex -10 11.3517 -0.00722797
   vertex -10 11.5 -0.00720896
   vertex -10 11.3521 -0.0368654
  endloop
 endfacet
 facet normal -1 0 0
  outer loop
   vertex -10 11.5 -0.0368441
   vertex -10 11.3521 -0.0368654
   vertex -10 11.5 -0.00720896
  endloop
 endfacet
 facet normal -1 0 0
  outer loop
   vertex -10 10.0042 0.0212231
   vertex -10 10.1546 0.0214826
   vertex -10 10.0045 -0.0085985
  endloop
 endfacet
 facet normal -1 0 0
  outer loop
   vertex -10 10.1551 -0.00829015
   vertex -10 10.0045 -0.0085985
   vertex -10 10.1546 0.0214826
  endloop
 endfacet
 facet normal -1 0 0
  outer loop
   vertex -10 10.1546 0.0214826
   vertex -10 10.3049 0.0217011
   vertex -10 10.1551 -0.00829015
  endloop
 endfacet
 facet normal -1 0 0
  outer loop
   vertex -10 10.3056 -0.00803399
   vertex -10 10.1551 -0.00829015
   vertex -10 10.3049 0.0217011
  endloop
 endfacet
 facet normal -1 0 0
  outer loop
   vertex -10 10.3049 0.0217011
   vertex -10 10.4552 0.0218826
   vertex -10 10.3056 -0.00803399
  endloop
 endfacet
 facet normal -1 0 0
  outer loop
   vertex -10 10.4559 -0.00782367
   vertex -10 10.3056 -0.00803399
   vertex -10 10.4552 0.0218826
  endloop
 endfacet
 facet normal -1 0 0
  outer loop
   vertex -10 10.4552 0.0218826
   vertex -10 10.6052 0.0220314
   vertex -10 10.4559 -0.00782367
  endloop
 endfacet
 facet normal -1 0 0
  outer loop
   vertex -10 10.6061 -0.00765292
   vertex -10 10.4559 -0.00782367
   vertex -10 10.6052 0.0220314
  endloop
 endfacet
 facet normal -1 0 0
  outer loop
   vertex -10 10.6052 0.0220314
   vertex -10 10.755 0.0221514
   vertex -10 10.6061 -0.00765292
  endloop
 endfacet
 facet normal -1 0 0
  outer loop
   vertex -10 10.7559 -0.00751627
   vertex -10 10.6061 -0.00765292
   vertex -10 10.755 0.0221514
  endloop
 endfacet
 facet normal -1 0 0
  outer loop
   vertex -10 10.755 0.0221514
   vertex -10 10.9045 0.0222463
   vertex -10 10.7559 -0.00751627
  endloop
 endfacet
 facet normal -1 0 0
  outer loop
   vertex -10 10.9054 -0.00740865
   vertex -10 10.7559 -0.00751627
   vertex -10 10.9045 0.0222463
  endloop
 endfacet
 facet normal -1 0 0
  outer loop
   vertex -10 10.9045 0.0222463
   vertex -10 11.0537 0.022319
   vertex -10 10.9054 -0.00740865
  endloop
 endfacet
 facet normal -1 0 0
  outer loop
   vertex -10 11.0545 -0.00732636
   vertex -10 10.9054 -0.00740865
   vertex -10 11.0537 0.022319
  endloop
 endfacet
 facet normal -1 0 0
  outer loop
   vertex -10 11.0537 0.022319
